	AUSTRALIA - AUSTRALIAN DOLLAR/US$	EURO AREA - EURO/US$	NEW ZEALAND - NEW ZELAND DOLLAR/US$	UNITED KINGDOM - UNITED KINGDOM POUND/US$	BRAZIL - REAL/US$	CANADA - CANADIAN DOLLAR/US$	CHINA - YUAN/US$	HONG KONG - HONG KONG DOLLAR/US$	INDIA - INDIAN RUPEE/US$	KOREA - WON/US$	MEXICO - MEXICAN PESO/US$	SOUTH AFRICA - RAND/US$	SINGAPORE - SINGAPORE DOLLAR/US$	DENMARK - DANISH KRONE/US$	JAPAN - YEN/US$	MALAYSIA - RINGGIT/US$	NORWAY - NORWEGIAN KRONE/US$	SWEDEN - KRONA/US$	SRI LANKA - SRI LANKAN RUPEE/US$	SWITZERLAND - FRANC/US$	TAIWAN - NEW TAIWAN DOLLAR/US$	THAILAND - BAHT/US$
01-01-2020	1.431545	0.893295	1.49797	0.757585	4.05458	1.3019	6.97408	7.79685	71.443	1157.7515	18.952	14.1286	1.347795	6.67483	108.6695	4.104705	8.84872	9.400695	180.938	0.972235	30.028	29.8415
02-01-2020	1.432768758	0.892977898	1.496862498	0.759607828	4.044249643	1.30042065	6.977894077	7.798929891	71.49077893	1159.838634	18.97115751	14.14218031	1.347496411	6.672226774	108.5808919	4.107012833	8.852949677	9.390804647	180.9041184	0.972248474	30.0274997	29.85468052
03-01-2020	1.433428391	0.89294486	1.494576598	0.760021479	4.045000196	1.300021147	6.979101734	7.800660477	71.50152631	1160.410771	19.00141841	14.11459746	1.348022894	6.672914824	108.5195839	4.108329948	8.84208134	9.388441629	181.1409874	0.971143577	30.0408759	29.90110586
06-01-2020	1.431454355	0.893916298	1.494031797	0.761580883	4.041062795	1.298124769	6.980228591	7.798764337	71.54530449	1162.132486	18.98954342	14.16867787	1.349688814	6.680009566	108.519324	4.106610585	8.838140406	9.392425458	181.3655424	0.968778896	30.04359983	29.8665205
07-01-2020	1.431919071	0.895055566	1.491169805	0.760842129	4.048020488	1.297767186	6.97987851	7.800845776	71.56337415	1164.407525	18.96416984	14.17401353	1.349005438	6.68902121	108.7401354	4.105958662	8.847689635	9.380684776	181.3985211	0.96985516	30.00695078	29.88037104
08-01-2020	1.433194785	0.894558144	1.49209805	0.761227635	4.051785215	1.299303226	6.986631821	7.797921843	71.57549297	1163.198538	18.97716704	14.20179162	1.349312674	6.685663971	108.6495746	4.111287816	8.851018231	9.39143034	181.4767193	0.971232665	30.02804561	29.8938686
09-01-2020	1.429161163	0.893802569	1.483562243	0.761547475	4.043071625	1.299880479	6.977973946	7.798291456	71.62574479	1163.621157	19.00256755	14.13731267	1.347735906	6.678957209	108.5365561	4.102358717	8.819669446	9.382407572	181.356713	0.968247018	30.03791021	29.82682724
10-01-2020	1.431988709	0.894243169	1.487385974	0.760649345	4.041101226	1.299355315	6.972799974	7.799527602	71.56040284	1165.329265	19.01291161	14.12882563	1.347808774	6.68232921	108.3968051	4.103655957	8.836819639	9.389273893	181.3554718	0.968356162	30.0540966	29.81380672
13-01-2020	1.431617208	0.894043153	1.487382054	0.7608469	4.040880644	1.29964504	6.971043224	7.799108779	71.57657595	1165.540836	19.00432952	14.1847934	1.347544525	6.681565235	108.381576	4.106293691	8.84297426	9.399893983	181.5547423	0.968796402	30.01912246	29.81174181
14-01-2020	1.430482428	0.894070815	1.487265594	0.761110573	4.04490971	1.300489781	6.974041341	7.799355412	71.58935857	1166.995594	18.97008619	14.18007485	1.347543317	6.679982513	108.5874934	4.105345125	8.849304334	9.391810893	181.5847873	0.968672842	30.04971718	29.84774005
15-01-2020	1.431685139	0.895767281	1.490437025	0.762534393	4.045482778	1.301198077	6.969483979	7.801494145	71.56638686	1166.901058	19.00031601	14.19617552	1.349634808	6.693363986	108.5918822	4.106492672	8.859941576	9.404063096	181.8168131	0.969223009	30.01552845	29.83837984
16-01-2020	1.432619337	0.895114349	1.486214558	0.75929265	4.038599262	1.299772382	6.963916484	7.798619779	71.59681185	1164.579667	18.97776181	14.13519114	1.347903679	6.688623567	108.6419929	4.103033545	8.848435827	9.392651679	181.6925269	0.967526012	29.99827143	29.75564728
17-01-2020	1.438885638	0.895761426	1.498107217	0.761197113	4.05588681	1.303034153	6.977657698	7.803016888	71.54709161	1167.378387	19.00274399	14.27420386	1.350986438	6.694616032	108.5670215	4.111470375	8.89178387	9.425047106	181.6731495	0.971699097	30.06373244	29.80429648
20-01-2020	1.443421405	0.897002353	1.500595852	0.761731045	4.047830594	1.304982887	6.977354942	7.803442194	71.60934361	1167.874747	19.00315887	14.29264776	1.351855228	6.702550638	108.5844535	4.113676733	8.904022382	9.438726913	181.6016438	0.972384283	30.06735382	29.77852509
21-01-2020	1.441835713	0.896653769	1.500351451	0.761493908	4.057327573	1.304105641	6.982580585	7.803537093	71.55501757	1168.10752	19.01516214	14.25204032	1.352277675	6.699613557	108.5375591	4.114017377	8.899745805	9.443239665	181.6225902	0.971429397	30.09015909	29.79139472
22-01-2020	1.444630993	0.897099178	1.501031593	0.763000776	4.056729245	1.305248603	6.980107269	7.802208175	71.59188189	1168.412915	19.03207668	14.21589261	1.35203574	6.70377079	108.4071157	4.116681992	8.911656508	9.477758344	181.8191772	0.968753125	30.06829459	29.74512446
23-01-2020	1.443085288	0.897537985	1.500510169	0.761146449	4.051016387	1.304570757	6.980736494	7.805342051	71.55995439	1168.736334	18.99882686	14.27588379	1.351910176	6.704882726	108.4538062	4.11723462	8.897595854	9.471167455	181.7170512	0.968897327	30.09725399	29.76979903
24-01-2020	1.444849093	0.897564235	1.504037791	0.762222086	4.075255998	1.306443394	6.971520348	7.804107768	71.56790905	1170.102707	19.04239606	14.35477257	1.353268434	6.706786525	108.4098356	4.120124824	8.903158974	9.445963245	181.8582658	0.970262983	30.12785478	29.77919909
27-01-2020	1.444895872	0.897434898	1.500707806	0.763466197	4.080148911	1.306225419	6.983131185	7.806097847	71.74315299	1169.536666	19.05253208	14.27346789	1.352216583	6.706775695	108.5873096	4.113644423	8.883762639	9.45587929	181.7843351	0.96755338	30.14623272	29.7503453
28-01-2020	1.444660316	0.896437004	1.502882276	0.767255468	4.098091065	1.305553362	6.978260882	7.805851652	71.60258865	1171.545062	19.00579871	14.28075044	1.353432125	6.697946824	108.5216352	4.119869594	8.905657626	9.453437686	181.8758544	0.967329736	30.13655317	29.73410047
29-01-2020	1.447520435	0.896406957	1.503577211	0.767749603	4.098092633	1.306962942	6.975157502	7.807395656	71.68221366	1169.28284	19.01723093	14.32956623	1.35249551	6.69796533	108.4943025	4.122274486	8.887760514	9.457178985	181.900436	0.967688746	30.15575642	29.71125026
30-01-2020	1.445134144	0.895221989	1.505035127	0.766361793	4.109731451	1.305778471	6.97650192	7.805728093	71.7270731	1169.109055	19.02807573	14.35485328	1.353541559	6.688134706	108.4725504	4.121087036	8.918232442	9.456636599	181.9053742	0.965981008	30.16516439	29.70417426
31-01-2020	1.447157859	0.895448558	1.505280813	0.768556469	4.093374842	1.305662804	6.969998593	7.804188579	71.54364888	1171.266466	19.04745165	14.3425538	1.352480503	6.690287262	108.3744802	4.117808648	8.932266413	9.451472963	182.018439	0.965716628	30.10260464	29.70443076
03-02-2020	1.446339839	0.89735315	1.502723006	0.767262236	4.090360158	1.304256155	6.970785885	7.804088318	71.69016383	1171.316874	19.0862457	14.34643358	1.351936481	6.704684831	107.8791123	4.114810641	8.922962535	9.438573479	182.0808398	0.966988338	30.11166253	29.68090797
04-02-2020	1.451980821	0.897358462	1.510370083	0.768023947	4.090638784	1.306229698	6.974071797	7.808829289	71.77563618	1180.055497	19.17628074	14.3820728	1.356657777	6.707043647	107.805434	4.122236061	8.95912456	9.478691098	182.1046765	0.969993205	30.17478718	29.7274552
05-02-2020	1.455210168	0.897565661	1.509835941	0.769055119	4.079958994	1.305874444	6.976015958	7.808984359	71.73442468	1177.883767	19.15504038	14.42597801	1.355436323	6.705739849	108.0186367	4.124346889	8.955081035	9.455063821	182.131527	0.969598304	30.17569452	29.77659342
06-02-2020	1.457774979	0.896628579	1.514989977	0.768821959	4.096027749	1.309917684	6.984087035	7.808505622	71.78167567	1179.466365	19.18453358	14.49168038	1.35585417	6.700713484	107.9429342	4.12374822	8.971832117	9.478511939	182.1663131	0.968959684	30.18015576	29.78322015
07-02-2020	1.45246556	0.896369309	1.513087631	0.769371262	4.083521107	1.309400581	6.978466125	7.809053121	71.59608397	1178.1376	19.21171231	14.45129911	1.355621508	6.698399352	107.746705	4.121946786	8.94119904	9.481894333	182.2519726	0.968641692	30.15047326	29.70977739
10-02-2020	1.449964082	0.896978382	1.514251877	0.767913333	4.080412792	1.308050514	6.982175367	7.81060521	71.69973324	1176.184434	19.1547824	14.43956575	1.354230092	6.700453528	107.9476051	4.119923456	8.955368394	9.468003324	182.0322178	0.970317341	30.18358868	29.77264533
11-02-2020	1.452880984	0.896408125	1.51418235	0.767025242	4.092672948	1.307652024	6.990668751	7.810318171	71.81423097	1178.175966	19.14135229	14.46416106	1.355649597	6.698086869	107.9320481	4.123265601	8.965601244	9.484618615	182.1580648	0.972278699	30.1849705	29.75808259
12-02-2020	1.452027199	0.897491678	1.511755995	0.766875359	4.085461893	1.309699145	6.9845781	7.809283932	71.83074984	1178.194692	19.17674473	14.42444772	1.355995722	6.704363144	108.0147603	4.120281763	8.945984969	9.475656491	182.140515	0.969129364	30.18149243	29.69275055
13-02-2020	1.450417043	0.899866322	1.514093993	0.768088765	4.079356727	1.308542884	6.982705406	7.809313058	71.75839248	1177.072197	19.18551265	14.4323711	1.35534481	6.721632981	107.9142545	4.120153175	8.954532404	9.491942502	182.1635516	0.970793252	30.17890369	29.71316433
14-02-2020	1.453223472	0.900588213	1.515735862	0.766116987	4.075908354	1.309044345	6.985664934	7.808463523	71.85209819	1178.369853	19.16389189	14.43665921	1.355827884	6.726631519	107.9813084	4.121440198	8.960376624	9.499820899	182.195021	0.971748933	30.15058455	29.69651948
17-02-2020	1.453402575	0.898878213	1.515424829	0.76594167	4.083416099	1.309603786	6.989017338	7.808273715	71.76097059	1179.411582	19.12829621	14.39973892	1.356304085	6.713668735	108.0206985	4.122329095	8.963367042	9.487111019	182.2636296	0.972516715	30.1896504	29.75980778
18-02-2020	1.450939998	0.89929149	1.515007579	0.767643307	4.084450716	1.308146418	6.983292663	7.809834878	71.82371093	1181.157752	19.21350983	14.38369515	1.356513648	6.717744214	107.9885589	4.124628796	8.961288132	9.51094724	182.4560901	0.9719888	30.16578381	29.7280571
19-02-2020	1.449554718	0.899424791	1.511235277	0.764342531	4.077094295	1.307452782	6.971774882	7.807781623	71.83855458	1177.673791	19.19248455	14.34294263	1.354067766	6.717002702	107.9517352	4.114551482	8.955452472	9.50745696	182.2745702	0.973193418	30.14862503	29.61128478
20-02-2020	1.451829245	0.900531716	1.517900792	0.767436983	4.085148678	1.3093885	6.980641475	7.811011127	71.76778508	1179.090721	19.21910395	14.39961408	1.354485203	6.726331817	108.0151728	4.122090224	8.968630389	9.517865555	182.2107192	0.976543643	30.20957255	29.65460747
21-02-2020	1.454951739	0.900638454	1.52025831	0.768339894	4.094371293	1.309228321	6.9898713	7.810145943	71.94358271	1180.588471	19.21886532	14.40248868	1.356660406	6.726136152	108.1153778	4.123890374	8.982580451	9.532028655	182.3035101	0.973475297	30.19581564	29.68049591
24-02-2020	1.456838805	0.900415361	1.520954283	0.768013421	4.113607506	1.309125348	6.989758778	7.810740062	71.81812326	1182.69026	19.24988604	14.30224339	1.358694719	6.724796321	108.0167251	4.125884942	8.988368331	9.527950415	182.3426099	0.973010859	30.21517645	29.68205843
25-02-2020	1.450846911	0.901262172	1.518102745	0.767062175	4.101057408	1.305741114	7.010498967	7.810454727	71.88257944	1180.467354	19.20799436	14.27678967	1.357331216	6.732678602	108.1751658	4.124788197	8.962943018	9.52250624	182.3729338	0.971386502	30.14867301	29.64730102
26-02-2020	1.446537125	0.902066589	1.513966665	0.76609561	4.101043613	1.306061245	7.003223933	7.811736209	71.88840226	1178.681771	19.15405654	14.26067636	1.355297571	6.738702318	108.1477348	4.121041463	8.948978793	9.493579597	182.4708263	0.972696634	30.1479923	29.66551887
27-02-2020	1.446426735	0.901239064	1.517219466	0.765266632	4.103096548	1.304027665	7.002975643	7.809622779	71.89958088	1177.224082	19.17482713	14.26616711	1.354023774	6.73200209	108.1729001	4.120070141	8.935485474	9.522147196	182.7415884	0.972887993	30.13647012	29.66252958
28-02-2020	1.447365926	0.901986188	1.516356869	0.765396214	4.103317109	1.305056017	6.9956542	7.809613929	71.91347525	1176.657709	19.16336488	14.22294493	1.352668868	6.73631758	108.3796931	4.11572379	8.959838671	9.52656603	182.5818018	0.972630052	30.1591202	29.64917889
02-03-2020	1.447211481	0.902921174	1.514857985	0.767096894	4.094638836	1.305432224	6.998861408	7.809141466	71.82109343	1179.183726	19.12431362	14.23305838	1.353929283	6.745422108	108.3920451	4.118287479	8.961298996	9.516524387	182.2814294	0.974889288	30.13723239	29.63214659
03-03-2020	1.446946528	0.902350527	1.516092175	0.765745698	4.088613975	1.304239486	6.983127454	7.807151767	71.61191329	1175.679893	19.09466257	14.18761693	1.353305586	6.740453092	108.6290287	4.114690453	8.94724354	9.52102203	182.2403398	0.974507703	30.08464747	29.63123194
04-03-2020	1.446513276	0.902227067	1.517206698	0.764023432	4.090544998	1.303959311	6.984172788	7.805425713	71.60700344	1174.247261	19.06821533	14.21582717	1.353898972	6.741532408	108.4979295	4.11525169	8.961967575	9.505434226	182.5199227	0.97400116	30.07497958	29.61764108
05-03-2020	1.447993687	0.903109586	1.517881211	0.765109801	4.085994083	1.305141901	6.98035893	7.803588271	71.78772526	1175.092688	19.09609379	14.22097797	1.354120279	6.747087566	108.5340632	4.114256671	8.947798613	9.508973666	182.7199209	0.973881435	30.04295167	29.57803486
06-03-2020	1.44743404	0.901533915	1.517103895	0.762259661	4.086667178	1.305050012	6.977435877	7.804829072	71.57370004	1173.494653	19.04896363	14.21723427	1.351973334	6.735548028	108.594172	4.107919097	8.93659973	9.504109605	182.6043468	0.97328578	30.0371703	29.56280612
09-03-2020	1.450252607	0.902268857	1.521025549	0.764901888	4.095896692	1.30667365	6.986810772	7.808081079	71.5547835	1174.934599	19.0837335	14.25936475	1.353899615	6.742529577	108.6462332	4.118402659	8.959921905	9.522536326	182.3595279	0.976134094	30.08139997	29.63375024
10-03-2020	1.450633929	0.902213347	1.523400112	0.765722258	4.097635863	1.305262241	6.986133069	7.806377565	71.78980678	1176.458959	19.077074	14.26639433	1.354426222	6.73841868	108.5850405	4.119159968	8.969989837	9.531458174	182.535412	0.975831312	30.13162195	29.6087999
11-03-2020	1.451849362	0.902207881	1.521891098	0.765837901	4.109443521	1.305346207	6.99640792	7.808673272	71.60860327	1178.002497	19.08045421	14.2425856	1.353590869	6.740543939	108.5610792	4.118576003	8.983605382	9.54847359	182.4883428	0.975937569	30.13736082	29.60795109
12-03-2020	1.450908063	0.902530728	1.520721001	0.766160558	4.093724555	1.308060728	6.995740628	7.812553061	71.5440478	1180.30844	19.06412911	14.26601921	1.354478522	6.743665248	108.4956784	4.120769394	8.975792675	9.558096055	182.6252386	0.973280265	30.08171168	29.59694518
13-03-2020	1.449894158	0.902619445	1.522266616	0.764274243	4.095995742	1.306528834	6.986477307	7.813833081	71.48546897	1176.174673	19.05018198	14.23454434	1.35499995	6.742620939	108.5256066	4.116594125	8.986198469	9.523787405	182.4984667	0.972927998	30.09316933	29.61307666
16-03-2020	1.449327429	0.90209489	1.523507289	0.765125673	4.095908927	1.307203071	6.990180012	7.81302361	71.53912586	1175.442904	18.99309703	14.24526764	1.354053306	6.741500019	108.5003071	4.118976527	8.977160205	9.496688944	182.4337433	0.973837955	30.062506	29.60635031
17-03-2020	1.451063372	0.903341329	1.524464714	0.766187944	4.112466171	1.308760033	6.991239781	7.812161771	71.50181578	1176.14976	19.02310479	14.26858109	1.354172376	6.75024793	108.4275014	4.117174521	8.958224881	9.51122521	182.6502481	0.973290983	30.07524137	29.61223887
18-03-2020	1.451102369	0.901745297	1.524538758	0.76483701	4.113561676	1.308744922	6.99643069	7.811849445	71.32655582	1177.327082	19.02257047	14.28445605	1.353735111	6.738396307	108.4704672	4.119263977	8.953794469	9.531434877	182.7311176	0.973766773	30.08563909	29.57628961
19-03-2020	1.453263271	0.901885585	1.527960111	0.76505036	4.112829102	1.308865261	6.988822201	7.811682925	71.38782249	1179.539991	19.01948636	14.27149119	1.352613267	6.73948586	108.4955639	4.122011399	8.969879567	9.544656214	182.6879528	0.973223819	30.09027166	29.57635874
20-03-2020	1.455509763	0.901723845	1.525002008	0.764305043	4.127570916	1.307633208	6.998905281	7.81068174	71.42489151	1181.058738	18.99680375	14.27132617	1.353619823	6.738341475	108.4465945	4.122227097	8.991888986	9.53804153	182.7761908	0.973995845	30.08090185	29.58761354
23-03-2020	1.454438172	0.902722374	1.524334599	0.766328112	4.12445411	1.307217482	6.996666496	7.811104492	71.24836235	1179.547045	19.01403149	14.34071077	1.354726754	6.74491009	108.4663057	4.11734225	8.991976706	9.560083458	182.9744773	0.972461837	30.07414699	29.57225265
24-03-2020	1.451641647	0.903088575	1.52105928	0.763793141	4.111728859	1.305169038	6.992610644	7.811669314	71.3297321	1178.275737	18.98954092	14.24848174	1.354234337	6.748007073	108.5089586	4.111067108	8.979186133	9.529325192	183.0633478	0.969855602	30.04467222	29.53532913
